10 20
01 02 03 04 55 01 03 04 04 01 23 05 01 02 03 04 05 03 02 01
01 02 03 04 55 01 03 04 04 01 23 05 01 02 03 04 05 03 02 01
01 02 03 04 55 01 03 04 04 01 23 05 01 02 03 04 05 03 02 01
01 02 03 04 55 01 03 04 04 01 23 05 01 02 03 04 05 03 02 01
01 02 03 04 55 01 03 04 04 01 23 05 01 02 03 04 05 03 02 01
01 02 03 04 55 01 03 04 04 01 23 05 01 02 03 04 05 03 02 01
01 02 03 04 55 01 03 04 04 01 23 05 01 02 03 04 05 03 02 01
01 02 03 04 55 01 03 04 04 01 23 05 01 02 03 04 05 03 02 01
01 02 03 04 55 01 03 04 04 01 23 05 01 02 03 04 05 03 02 01
01 02 03 04 55 01 03 04 04 01 23 05 01 02 03 04 05 03 02 01

2 4
2 2 2 2
3 1 2 3

added

added again

added in remote after push

9/7 10:16 am changes

Add in remote uat/v1
